111111111	1	
111111111	3	Doubt
111111111	5	Appeal_to_Authority
111111111	7	
111111111	9	
111111111	11	
111111111	13	Repetition
111111111	15	
111111111	17	Appeal_to_Fear-Prejudi-čce
111111111	19	Appeal_to_Fear-Prejudice
111111111	21	
111111111	23	Appeal_to_Authority,Appeal_to_Fear-Prejudice
111111111	25	Appeal_to_Fear-Prejudice
111111111	27	
111111111	29	
111111112	1	
111111112	3	
111111112	5	Slogans
111111112	7	
111111112	9	
111111112	11	False_Dilemma-No_Choice
111111112	13	
111111112	14	Slogans
111111112	15	Loaded_Language
111111112	17	
111111112	19	Flag_Waving
111111112	21	
111111112	23	Name_Calling-Labeling
111111112	25	Name_Calling-Labeling
111111112	27	
111111112	28	
111111112	30	Loaded_Language
111111112	32	
111111112	34	
111111112	36	
111111112	38	
111111112	40	
111111113	1	
111111113	3	Causal_Oversimplification,Loaded_Language
111111113	5	
111111113	7	
111111113	9	
111111113	10	Loaded_Language
111111113	12	
111111113	14	
111111113	15	
111111113	17	
111111113	19	Name_Calling-Labeling
111111113	21	
111111113	23	Appeal_to_Hypocrisy,Causal_Oversimplification,Loaded_Language
111111113	25	
111111113	27	
111111113	29	Causal_Oversimplification
111111113	30	
111111113	32	
111111113	34	Loaded_Language,Name_Calling-Labeling,Slogans
111111113	36	
111111113	38	
111111114	1	
111111114	3	
111111114	5	
111111114	7	
111111114	9	
111111114	11	
111111114	13	
111111114	15	Obfuscation-Vagueness-Confusion
111111114	17	
111111114	19	
111111114	21	
111111114	23	
111111114	25	Appeal_to_Fear-Prejudice
111111114	27	
111111114	29	
111111115	1	
111111115	3	
111111115	5	
111111115	7	
111111115	9	Loaded_Language
111111115	10	
111111115	11	
111111115	12	Appeal_to_Authority
111111115	13	Loaded_Language
111111115	14	
111111115	15	Loaded_Language
111111117	1	
111111117	3	
111111117	5	
111111117	7	
111111117	9	Causal_Oversimplification
111111117	11	
111111121	1	
111111121	3	
111111121	5	
111111121	7	
111111121	9	
111111121	11	
111111121	13	
111111121	15	
111111121	17	
111111121	19	
111111122	1	Loaded_Language
111111122	3	
111111122	4	Doubt,Exaggeration-Minimisation,Loaded_Language
111111122	6	
111111122	8	Doubt,Name_Calling-Labeling
111111122	10	Doubt,Loaded_Language
111111122	12	
111111122	15	
111111122	17	Doubt,Loaded_Language
111111122	19	Exaggeration-Minimisation
111111122	21	Doubt
111111122	23	Loaded_Language,Name_Calling-Labeling
111111122	25	Appeal_to_Authority
111111122	27	Causal_Oversimplification,Loaded_Language
111111122	29	Loaded_Language
111111122	31	Name_Calling-Labeling
111111123	1	
111111123	3	
111111123	5	
111111123	8	
111111123	10	
111111123	12	
111111123	13	
111111123	15	
111111123	17	
111111123	19	
111111123	21	
111111123	23	
111111123	25	
111111123	27	
111111123	29	
111111123	31	
111111123	32	
111111123	34	
111111123	36	Loaded_Language
111111124	1	Loaded_Language
111111124	3	Loaded_Language
111111124	5	Name_Calling-Labeling
111111124	8	
111111124	10	
111111124	12	
111111124	14	
111111124	16	
111111124	17	
111111124	19	Name_Calling-Labeling
111111124	21	Loaded_Language
111111124	22	
111111124	24	Exaggeration-Minimisation
111111124	26	Loaded_Language
111111124	28	
111111124	30	Loaded_Language,Name_Calling-Labeling
111111124	32	Causal_Oversimplification,Loaded_Language
111111124	34	Doubt,Name_Calling-Labeling
111111124	36	Name_Calling-Labeling
111111131	1	
111111131	3	Loaded_Language
111111131	5	Loaded_Language,Name_Calling-Labeling
111111131	6	Exaggeration-Minimisation,Loaded_Language,Name_Calling-Labeling
111111131	7	False_Dilemma-No_Choice
111111131	8	Loaded_Language
111111131	9	
111111131	10	
111111131	11	
111111131	12	Name_Calling-Labeling
111111131	13	
111111131	14	
111111131	15	
111111131	16	Loaded_Language
111111131	17	Loaded_Language
111111131	18	Slogans
111111131	19	
111111131	20	Loaded_Language
111111131	21	Loaded_Language
111111131	22	
111111131	23	Loaded_Language,Repetition
111111131	24	Name_Calling-Labeling
111111131	25	Loaded_Language
111111131	26	Repetition
111111131	27	Repetition
111111131	28	Loaded_Language
111111131	29	
111111131	30	Exaggeration-Minimisation,Loaded_Language
111111131	31	Exaggeration-Minimisation,Repetition
111111131	32	
111111131	33	
111111131	34	Flag_Waving,Repetition
111111131	35	
111111131	36	
111111131	37	
111111131	38	
111111131	39	Exaggeration-Minimisation,Name_Calling-Labeling
111111131	40	
111111131	41	Name_Calling-Labeling
111111131	42	Repetition
111111132	1	
111111132	3	Loaded_Language
111111132	5	
111111132	7	
111111132	8	
111111132	10	
111111132	11	Name_Calling-Labeling
111111132	13	
111111132	15	
111111132	17	
111111132	19	
111111132	21	
111111132	22	
111111132	24	
111111132	25	
111111132	26	Appeal_to_Fear-Prejudice,False_Dilemma-No_Choice
111111132	28	
111111132	30	Loaded_Language
111111132	31	
111111132	32	False_Dilemma-No_Choice
111111132	34	
111111132	36	
111111132	38	
111111132	40	
111111132	41	
111111132	44	Loaded_Language
111111132	46	
111111132	48	Loaded_Language
111111132	50	
111111132	51	
111111132	53	
111111132	55	Name_Calling-Labeling
111111132	56	
111111132	58	
111111132	60	Red_Herring
111111132	62	
111111132	64	Loaded_Language
111111132	66	
111111132	67	
111111132	69	Loaded_Language
111111132	70	
111111132	72	
111111132	74	
111111132	76	
111111132	78	Slogans
111111132	80	
111111133	1	
111111133	3	
111111133	5	Loaded_Language
111111133	7	Loaded_Language
111111133	9	
111111133	11	Loaded_Language
111111133	12	Loaded_Language
111111133	14	
111111133	15	
111111133	17	
111111133	19	Loaded_Language
111111133	20	Name_Calling-Labeling
111111133	22	Loaded_Language
111111133	24	
111111133	26	Loaded_Language
111111133	28	
111111133	30	False_Dilemma-No_Choice
111111133	32	
111111134	1	
111111134	3	
111111134	5	
111111134	7	
111111134	10	Name_Calling-Labeling
111111134	11	Repetition
111111134	13	
111111134	15	Exaggeration-Minimisation
111111134	17	
111111134	19	
111111134	21	
111111134	23	Name_Calling-Labeling
111111135	1	
111111135	3	
111111135	5	Causal_Oversimplification,Loaded_Language
111111135	7	Loaded_Language
111111135	9	Loaded_Language
111111135	11	
111111135	12	
111111135	14	Appeal_to_Authority,Loaded_Language
111111135	16	
111111135	17	
111111135	19	Exaggeration-Minimisation,Guilt_by_Association,Loaded_Language,Name_Calling-Labeling
111111135	21	
111111135	22	
111111135	24	
111111135	26	
111111135	28	Doubt
111111135	29	Loaded_Language,Repetition
111111135	31	
111111135	33	
111111135	35	
111111135	36	
111111135	38	
111111135	40	
111111135	42	
111111135	44	Loaded_Language
111111135	46	Loaded_Language
111111135	48	Exaggeration-Minimisation
111111135	50	Loaded_Language
111111136	1	
111111136	3	
111111136	4	
111111136	5	
111111136	7	
111111136	8	
111111136	10	
111111136	12	Loaded_Language
